function [ ENEMY ] = enemyGuass()

%% Data format: Each enemy is represented by three quantities: x coordinate, y coordinate, z coordinate, r threat radius
ENEMY=[
    0.8750    0.0500    0.0300
    0.4250    0.1000    0.0450
    0.3000    0.5000    0.0500
    0.5550    0.2750    0.0500
    0.9250    0.3000    0.0500
    0.6000    0.5000    0.0550
    0.6750    0.6500    0.0250
    0.8500    0.6500    0.0250
    0.7500    0.8000    0.0625
    0.5500    0.8250    0.0500
    ];

% ENEMY=[
%     0.8750    0.0500    0.0300
%     0.4250    0.1000    0.0450
%     0.3000    0.2000    0.0500
%     0.4350    0.2750    0.0500
%     0.9250    0.3000    0.0500
%     0.6000    0.5000    0.0550
%     0.6750    0.6500    0.0250
%     0.8500    0.6500    0.0250
%     0.7500    0.8000    0.0625
%     0.5500    0.8250    0.0500
%     ];

% c1=randi([0, 90], [10 1])/100;
% c2=randi([0, 85], [10 1])/100;
% c3=randi([1, 50], [10 1])/1000;
% 
% ENEMY = randi([1, 10], [10, 3]);
% ENEMY(:,1)=c1;
% ENEMY(:,2)=c2;
% ENEMY(:,3)=c3;

end
